1016996551053504513
1016996568384376832
1016996581973942274
1016996593113890816
1016996648365457409
1016996690828693504
1016996705894567939
1016996728610967552
1016996745249779712
1016996777151664128
1016996779500490753
1016996783220805633
1016996782340009984
1016996790921584640
1016996825725898758
1016996840250789888
1016996896693420033
1016996900417998848
1016996930147233792
1016996942646267904
1016996949856223232
1016996963542274049
1016996983716941824
1016997026410778629
1016997123001339904
1016997165024075776
1016997188545712128
1016997193960644610
1016997218937688064
1016997217452941312
1016997232162287616
1016997257240088579
1016997282586218496
1016997292044365824
1016997303079591937
1016997306560892928
1016997320255246336
1016997327603675136
1016997341029720064
1016997349741219841
1016997357806866432
1016997360323481600
1016997383048257541
1016997387225718786
1016997391482974209
1016997399078764544
1016997417034633216
1016997458453377024
1016997462819655681
1016997476136517632
1016997479529766912
1016997485825413120
1016997487553499137
1016997492079120384
1016997521095385090
1016997538170273793
1016997626292703232
1016997649961115648
1016997655120175104
1016997668265123840
1016997701769138176
1016997705338499073
1016997722136760320
1016997739656286208
1016997756425076741
1016997760439025664
1016997764490842113
1016997772938137600
1016997777405104129
1016997810976247813
1016997835747848192
1016997852696993792
1016997865665781765
1016997873806962689
1016997886603735045
1016997897726984193
1016997903175438336
1016997911702441988
1016997911937409024
1016997939263279104
1016997977834115073
1016997982481338368
1016998003809439744
1016998020741812224
1016998027372974080
1016998032846610433
1016998037430898691
1016998041650388992
1016998070859558913
1016998094939058176
1016998103562539008
1016998119991586817
1016998125708464134
1016998142452092928
1016998161951481857
1016998191433175041
1016998195988254720
1016998206444654592
1016998242662473728
1016998246701400066
1016998259787739136
1016998267509530625
1016998280801202176
1016998289223372800
1016998326816903169
1016998351022231552
1016998358601359360
1016998385352609798
1016998473659543553
1016998473416052737
1016998548951437312
1016998560078934017
1016998574490640384
1016998607902380032
1016998653175705600
1016998707965947904
1016998717327663104
1016998720985026561
1016998732854976512
1016998733849022469
1016998737779068928
1016998750374584321
1016998779487162369
1016998787414360064
1016998804871139328
1016998821577019392
1016998824190062592
1016998826182311936
1016998842577969152
1016998855223795712
1016998870495219717
1016998871963140102
1016998876232978433
1016998905182027776
1016998902950744064
1016998909711962112
1016998985209384960
1016999018977808384
1016999047956135936
1016999059339563008
1016999069208719361
1016999073344258048
1016999106911309824
1016999122979704832
1016999157293309952
1016999161688920066
1016999190583488512
1016999211697655808
1016999220501516291
1016999223026507776
1016999221831110656
1016999240898359297
1016999239279357953
1016999245667291136
1016999262591340544
1016999278869471232
1016999294220623872
1016999299450843136
1016999304148471808
1016999303821156353
1016999310259642368
1016999331981942785
1016999333621911553
1016999341859405824
1016999358817013762
1016999362675859456
1016999361316818944
1016999371177635841
1016999396305666048
1016999395244564480
1016999438718525440
1016999442497658880
1016999450756177921
1016999481668186113
1016999488181948417
1016999488488136705
1016999501259857920
1016999508717309959
1016999513448505345
1016999526220156928
1016999530468868098
1016999542271733762
1016999547594305536
1016999564413415424
1016999576711172106
1016999585150066688
1016999589394681856
1016999647389405184
1016999667270332417
1016999689953140736
1016999694281728001
1016999697637150720
1016999740117082112
1016999762997006338
1016999786116014081
1016999785881055232
1016999790624813056
1016999798392705024
1016999817048920065
1016999828209979392
1016999828482592768
1016999832496541697
1016999840381796352
1016999883138584576
1016999894672867328
1016999907843026944
1016999912230342656
1016999917137645568
1016999973962113025
1016999979288793089
1016999999945826304
1017000000017059840
1017000012348354560
1017000043117768704
1017000049325289473
1017000057000857600
1017000063229464576
1017000084536512512
1017000088290422784
1017000092132356096
1017000105134772224
1017000147207811072
1017000163716599808
1017000167902466048
1017000167466242048
1017000172893671425
1017000193152176128
1017000243622236161
1017000244129812481
1017000281501036545
1017000301524643841
1017000314463977472
1017000323368587264
1017000323360149504
1017000348718960640
1017000374459420672
1017000377793826816
1017000384982810629
1017000407145607168
1017000419518640128
1017000423889227776
1017000424249942016
1017000441018712064
1017000449386405888
1017000463944880128
1017000474116018176
1017000488389181440
1017000499676053507
1017000516184920065
1017000541669519360
1017000548669837313
1017000549349281792
1017000549944832001
1017000549953277952
1017000562330669056
1017000562380955649
1017000579082670081
1017000579292377089
1017000583503466497
1017000583381897216
1017000604252688384
1017000616869101568
1017000620950278144
1017000623567527939
1017000625010245638
1017000624821538816
1017000629154217984
1017000631377321984
1017000645818232832
1017000653116334080
1017000675379642368
1017000692328919040
1017000717599592448
1017000730153160705
1017000746510938112
1017000754404560896
1017000763455926273
1017000763871125506
1017000771148230656
1017000788768456704
1017000801301131264
1017000809115148289
1017000813930143744
1017000870339366928
1017000915025514496
1017000943211171840
1017000948181315585
1017000948328042496
1017000952782639105
1017000973947023361
1017001011356078085
1017001045107593216
1017001057103372288
1017001061171847168
1017001066167242753
1017001095149899778
1017001097993519104
1017001098312339457
1017001103420882944
1017001107078434816
1017001109418889217
1017001123499200512
1017001133565456384
1017001162040578048
1017001170676731905
1017001194332487680
1017001220874088449
1017001233192800256
1017001241883369472
1017001257737900032
1017001303652864000
1017001313190711296
1017001323861106688
1017001333826772992
1017001346552287232
1017001346770325504
1017001375295787008
1017001380693803008
1017001383587995649
1017001384581922816
1017001413560414208
1017001459219681280
1017001476776972288
1017001485027172352
1017001492534956033
1017001510125953031
1017001512210399232
1017001518782992385
1017001550630326272
1017001560835010566
1017001577528414208
1017001590031609856
1017001627939680256
1017001653222952965
1017001653470400513
1017001702988419072
1017001732667211776
1017001743681576966
1017001745069821958
1017001764413956096
1017001786710904832
1017001787113517056
1017001803806855168
1017001807069900800
1017001812380012546
1017001820240207872
1017001825277444096
1017001841425551360
1017001848782315521
1017001866872393728
1017001887760044032
1017001932211326976
1017001933805178881
1017001959054827522
1017001958849306625
1017001976180113409
1017001975328772097
1017001991938170880
1017001998946914306
1017002000750469123
1017002004881793024
1017002013723414529
1017002030555193345
1017002048414470145
1017002055242838016
1017002069406945280
1017002072544284672
1017002076264718336
1017002097571659777
1017002096846082048
1017002114239823873
1017002130819952640
1017002131138768896
1017002133898645504
1017002135505002496
1017002144057188352
1017002155138605056
1017002164345036801
1017002169172668416
1017002192866246656
1017002202961981442
1017002209660297223
1017002234826158081
1017002261011161088
1017002268728717312
1017002271933108225
1017002282104303616
1017002286546112513
1017002290409025539
1017002301725306880
1017002307182120960
1017002315704885248
1017002324529643520
1017002373628219394
1017002407715274752
1017002420705128454
1017002419199324164
1017002437507473409
1017002453919830016
1017002458529361920
1017002470889918464
1017002474077597697
1017002492108910594
1017002512006766592
1017002515081125888
1017002574879318017
1017002595196555264
1017002613685055490
1017002642655141889
1017002659516215296
1017002667518853120
1017002667808354304
1017002676314427392
1017002679871078401
1017002713815633920
1017002714243436544
1017002749525929985
1017002760154345472
1017002764323434496
1017002764398833664
1017002767720869888
1017002801229193218
1017002814097313797
1017002814827061248
1017002821324066816
1017002831386210304
1017002860440182785
1017002873593442304
1017002872041549824
1017002902567522304
1017002902894899200
1017002909907800064
1017002923371343873
1017002932045262853
1017002936533176320
1017002953327161346
1017002953457225729
1017002986218934272
1017003003092590592
1017003007081410560
1017003019647537152
1017003074806829056
1017003087205150720
1017003086949339136
1017003095925149696
1017003099939049473
1017003103802003461
1017003125012598784
1017003179446333440
1017003177672093696
1017003195359428608
1017003254952185856
1017003263647010816
1017003280042463232
1017003280201809920
1017003284643672065
1017003302142332931
1017003317191462913
1017003342806085637
1017003341963055104
1017003343149821953
1017003351282716672
1017003358043897856
1017003359981752321
1017003363127345152
1017003364314501120
1017003460636631043
1017003485815103488
1017003490231685120
1017003494367285248
1017003505788358656
1017003511148679170
1017003544652763136
1017003572934971392
1017003607906975744
1017003624130543616
1017003678392373249
1017003683014422528
1017003693655371776
1017003703734239232
1017003707697958912
1017003749720625152
1017003770272780289
1017003771115786240
1017003812119367680
1017003824395894784
1017003829227917312
1017003833703067649
1017003850644049920
1017003884286488577
1017003891567808513
1017003905530695680
1017003917429833729
1017003922291089408
1017003921313759232
1017003926296686598
1017003939018035200
1017003968701100032
1017003980675796994
1017003980700954624
1017003985021136896
1017004001588543488
1017004005988421632
1017004014465175552
1017004018458152960
1017004043430973440
1017004060061392896
1017004063467229184
1017004088943235072
1017004098753912832
1017004102402928640
1017004114885177346
1017004144350126080
1017004160712151041
1017004160993120256
1017004160997355520
1017004190378307584
1017004215179325441
1017004219541401601
1017004227741278208
1017004257575424000
1017004261861978112
1017004278672707584
1017004282841886721
1017004298390114304
1017004299417767936
1017004323950112768
1017004337015508992
1017004341285224448
1017004349778808833
1017004354124025858
1017004358070951936
1017004370557358080
1017004374135099392
1017004389649838080
1017004475821805568
1017004479856758784
1017004509351104513
1017004507052593152
1017004513344065546
1017004512870064129
1017004534256885760
1017004542708322305
1017004542641262592
1017004555538698241
1017004556654465025
1017004567341518848
1017004583342821376
1017004622395953158
1017004650527121409
1017004687785103360
1017004689358024704
1017004692981862400
1017004706600767488
1017004739601534977
1017004744014008320
1017004756366233600
1017004765237207042
1017004776867889152
1017004807142469632
1017004815027712000
1017004827769999361
1017004827535167488
1017004911119122433
1017004911899365377
1017004920137043968
1017004928647290880
1017004941414666240
1017004945340616711
1017004999061196800
1017005004266332161
1017005025019793409
1017005025246228480
1017005050185568256
1017005062734909440
1017005060923027456
1017005084012679168
1017005089821806592
1017005103994359808
1017005117697069056
1017005129646604288
1017005159501746176
1017005188161462272
1017005203072126976
1017005221288075265
1017005230364520450
1017005232801439744
1017005254729195520
1017005271326121984
1017005310299529216
1017005322815369216
1017005356801843200
1017005363898540032
1017005410719551489
1017005415194943489
1017005419200483329
1017005440608108544
1017005444580233216
1017005444194295809
1017005462108205057
1017005465794990080
1017005490373578752
1017005490495082497
1017005503367602176
1017005505414356992
1017005549462880256
1017005560506482688
1017005586980876289
1017005595503812608
1017005594442596353
1017005608208424960
1017005616047579136
1017005620598394880
1017005624960270336
1017005645701279744
1017005645671911424
1017005654521864192
1017005657386569728
1017005753373282305
1017005758347702272
1017005775976386560
1017005812731006976
1017005817864781824
1017005817927782400
1017005821711060992
1017005828329504770
1017005863138217984
1017005863184289792
1017005879265284097
1017005885120569344
1017005881567993857
1017005897439203328
1017005901776150528
1017005910026260480
1017005922667950080
1017005922156253184
1017005933828956161
1017005938119593985
1017005947707944960
1017005968612261888
1017005973184147457
1017006019292131328
1017006060316577793
1017006103442395137
1017006116113453056
1017006140729843713
1017006148921315328
1017006178910588931
1017006182492524544
1017006190528815105
1017006190272958465
1017006232727642112
1017006240868847616
1017006261320273920
1017006262486228992
1017006291968053248
1017006358821068800
1017006369839300609
1017006400734625793
1017006400726323200
1017006426294808576
1017006446175817728
1017006454069489664
1017006459446493184
1017006472151158784
1017006472062959616
1017006488773185542
1017006493131067392
1017006530737197056
1017006543538094081
1017006572763938816
1017006573011554304
1017006576765493249
1017006593605603329
1017006602166198272
1017006606423412736
1017006622068133889
1017006631668846592
1017006635909287937
1017006644587388928
1017006689957171201
1017006702741344256
1017006749268824064
1017006761268609025
1017006790385553408
1017006795053821958
1017006798606422018
1017006900028805120
1017006921268826112
1017006954504433664
1017006954689032192
1017006975656386560
1017006981788454912
1017006996116123650
1017006996619513856
1017007029980942337
1017007059232083968
1017007068107206656
1017007076009275395
1017007088827031552
1017007117918769152
1017007142631591938
1017007164077019141
1017007168069910529
1017007179298156544
1017007202064850945
1017007207894978561
1017007243554893829
1017007252337807360
1017007302522621952
1017007304682635265
1017007311099957248
1017007344532811776
1017007343643578368
1017007348207013894
1017007355840618497
1017007372982804480
1017007382113734656
1017007380847087626
1017007432520880128
1017007441098297344
1017007445288325120
1017007445347110914
1017007453697925121
1017007457808322560
1017007491610304513
1017007499843686401
1017007520395776000
1017007524816539649
1017007600490237953
1017007647567081472
1017007666726662144
1017007718039777280
1017007743297835009
1017007784959840256
1017007867327598592
1017007872989908994
1017007900605239296
1017007910520545281
1017007914748448768
1017007922952499200
1017007948747431941
1017007986454290433
1017007994582822913
1017008036567769088
1017008033530966016
1017008053118492672
1017008098349727744
1017008099608186880
1017008099369148417
1017008116288847872
1017008118784331777
1017008128397889538
1017008140380983297
1017008149814022150
1017008153916006400
1017008153429532672
1017008162128515072
1017008192155504643
1017008208798453760
1017008238263496705
1017008263005646848
1017008282983124992
1017008305166831616
1017008321260376065
1017008330508783616
1017008342596714497
1017008342542307328
1017008384413818880
1017008405817552896
1017008412947775488
1017008418228498435
1017008422468898816
1017008452000993281
1017008489573572609
1017008492136280064
1017008502072635392
1017008514835894274
1017008554065178624
1017008576642994177
1017008580732571649
1017008581990912000
1017008598625472513
1017008615125913600
1017008636273537024
1017008653092773888
1017008657295343618
1017008711829807104
1017008720310689792
1017008769186877440
1017008778972196864
1017008791622053888
1017008799993999360
1017008833288462337
1017008853693562880
1017008858395488260
1017008867069382656
1017008879782256640
1017008890989502464
1017008892293865472
1017008902767038465
1017008913424711680
1017008986032402432
1017009001190617088
1017009000196517889
1017009005527486464
1017009013840637952
1017009018169102337
1017009017846157314
1017009054978224128
1017009068098105344
1017009114227109888
1017009155360673792
1017009169164066816
1017009169386401793
1017009173173714944
1017009195621736450
1017009206979973120
1017009207038676992
1017009240639229952
1017009273526784001
1017009282045358081
1017009356863254529
1017009365914546176
1017009370431938560
1017009373992947712
1017009381777473536
1017009387066548224
1017009390644326403
1017009428850200576
1017009454334738432
1017009453793607680
1017009464581545985
1017009474924695552
1017009500258258944
1017009498446286848
1017009525419855872
1017009542113169408
1017009566960246785
1017009596278493185
1017009600871239680
1017009622018904066
1017009632718540806
1017009660094795776
1017009701383483392
1017009739371286528
1017009745209720832
1017009764230934528
1017009766227496960
1017009767783464960
1017009773106036736
1017009815225290753
1017009822930227200
1017009872427192320
1017009882313216000
1017009902710067200
1017009906430435334
1017009911753043974
1017009915670523904
1017009919533441025
1017009928358236160
1017009932414136321
1017009957219291136
1017009956694962176
1017010029017395200
1017010070410887168
1017010083379720192
1017010087687282689
1017010108331646976
1017010112161075200
1017010128757952513
1017010133342269440
1017010158910738432
1017010158067740672
1017010167588802560
1017010200790945792
1017010209481359360
1017010213021519872
1017010218067283969
1017010272123473925
1017010325542096896
1017010355443326977
1017010370270191616
1017010386439213057
1017010394009829377
1017010431498604546
1017010434967293952
1017010434648485888
1017010532384157696
1017010573127639040
1017010588453605376
1017010624453402625
1017010635018825728
1017010647954059264
1017010653675040768
1017010662369824768
1017010662453768192
1017010699757871104
1017010758188720130
1017010779906805761
1017010804758122497
1017010855471349760
1017010856251490304
1017010870348668928
1017010876359028736
1017010938979979264
1017010980356853760
1017010985335484417
1017011000325877766
1017011089417043973
1017011098682318849
1017011102570434560
1017011115421822976
1017011123550392322
1017011199618281472
1017011207121694721
1017011210158530560
1017011210749906944
1017011232669396993
1017011231935352833
1017011299526594560
1017011370771013633
1017011391889362944
1017011421157224448
1017011424734871553
1017011459132477441
1017011462571773953
1017011484285636608
1017011488601538560
1017011486865215488
1017011513587101696
1017011555177828352
1017011567806869504
1017011606218297344
1017011656017276929
1017011673469800448
1017011684731445248
1017011739957661696
1017011748854030337
1017011773592031232
1017011794785775616
1017011802616541185
1017011815241408512
1017011817455943681
1017011823978123264
1017011836162596865
1017011882799091713
1017011882954231808
1017011887001821185
1017011891128938496
1017011899601432577
1017011898221518848
1017011907834806273
1017011924423401472
1017011932744900609
1017011936750456833
1017011941544521729
1017011970913001472
1017011970585825280
1017011978898952193
1017012012822474752
1017012024340107264
1017012029775851520
1017012040781762560
1017012055948300290
1017012071551197184
1017012074998878208
1017012113846493184
1017012172407365632
1017012200186220544
1017012209908703233
1017012289067773953
1017012294683975680
1017012297397686274
1017012310500573184
1017012327214993408
1017012325306511360
1017012376560795649
1017012377437388800
1017012448170270720
1017012461562671105
1017012465882816512
1017012472891535361
1017012473751392256
1017012507523846145
1017012510527033344
1017012578906722306
1017012591565172736
1017012600339685377
1017012608279482368
1017012619759247362
1017012659013734400
1017012675614781441
1017012684108296192
1017012712780550146
1017012730069442560
1017012729914318848
1017012738097369090
1017012738999152640
1017012813611577344
1017012830304956416
1017012851305865217
1017012938513805312
1017012939814064128
1017012985653538816
1017012989940129792
1017012994428071936
1017012998383259648
1017013010987147266
1017013010374721536
1017013010919915520
1017013021149888512
1017013052158377984
1017013103316406273
1017013119594450945
1017013148061224962
1017013161923350528
1017013169506615302
1017013170538364928
1017013183133908992
1017013180608974848
1017013187361767424
1017013216625545216
1017013220429754369
1017013220945604608
1017013224976371712
1017013242084904960
1017013262456672257
1017013266852270083
1017013265992441856
1017013296527003648
1017013300498968576
1017013317242703872
1017013338121875457
1017013363593895937
1017013384120819714
1017013388445175810
1017013388545855488
1017013396603011072
1017013396657623040
1017013429591298048
1017013434108530688
1017013455562272773
1017013468191494145
1017013472561913856
1017013529298251777
1017013543248519169
1017013560260603905
1017013576719065089
1017013631245053953
1017013640317292544
1017013656633081857
1017013659095183361
1017013673855012866
1017013686274347009
1017013692079239168
1017013707254181888
1017013715894456320
1017013721862991872
1017013778435727361
1017013786434244608
1017013827089719301
1017013837449646081
1017013875177385984
1017013881544339456
1017013920920371200
1017013955087290373
1017013978927689728
1017013988578689024
1017013994467614726
1017014000561909761
1017014033139068930
1017014034456039424
1017014041934548994
1017014058657243136
1017014095613177857
1017014109932486656
1017014135345868800
1017014151644925953
1017014189414670336
1017014193986457600
1017014219462598656
1017014234771836928
1017014261959286784
1017014319253356546
1017014348085170176
1017014390976065536
1017014407308693504
1017014444075909121
1017014474669281280
1017014487566684160
1017014499826597888
1017014531523055618
1017014537973878784
1017014554591744000
1017014556948918272
1017014562657366016
1017014613106446336
1017014630328266752
1017014645616533505
1017014667737214976
1017014671965130752
1017014705435676679
1017014733646462976
1017014754852958208
1017014760121012226
1017014764034289664
1017014764206284800
1017014768048263168
1017014792693927937
1017014793893445633
1017014831075987457
1017014860796891136
1017014881646759936
1017014890073088000
1017014890253385729
1017014910763634688
1017014919391252482
1017014931978407936
1017014940287283200
1017014944624267265
1017014969521623041
1017014977239150592
1017015003394781184
1017015007626907648
1017015078904893440
1017015090313420805
1017015162845433856
1017015165659832320
1017015175482929152
1017015183653441536
1017015183397609473
1017015203807064065
1017015206952792065
1017015217241419776
1017015225332224000
1017015242629570560
1017015290637451266
1017015292919205888
1017015330013577216
1017015333683712001
1017015334346412037
1017015375999971331
1017015386804506625
1017015410309435392
1017015418328944640
1017015422552600577
1017015447978434561
1017015453946863618
1017015489762119680
1017015497714487296
1017015501816520704
1017015514995003392
1017015518945873920
1017015538843901952
1017015561216299008
1017015573811777536
1017015648365445120
1017015648671666176
1017015653260255232
1017015652794748928
1017015652048097280
1017015656628281344
1017015654816284672
1017015657244880896
1017015661061640193
1017015674403778562
1017015678119882752
1017015682490404864
1017015712127373312
1017015711992958976
1017015741613297664
1017015745836933121
1017015749708218368
1017015758377967617
1017015765369794562
1017015765050982400
1017015769891311616
1017015775188660224
1017015787767332864
1017015825767829504
1017015832101244928
1017015832055046144
1017015850740670465
1017015886476017664
1017015903244967936
1017015912724123648
1017015972136448000
1017015976733413376
1017015983179956224
1017015992919216129
1017016022501642240
1017016030416310272
1017016059113635840
1017016072522919936
1017016077086273537
1017016080718614528
1017016084770230273
1017016092940800000
1017016100247298048
1017016106559639552
1017016118723129347
1017016123060051968
1017016131721179136
1017016151778291718
1017016165145735168
1017016164860428288
1017016181528592385
1017016185836265472
1017016223786258432
1017016224289579011
1017016236247482368
1017016240626429955
1017016253234450432
1017016286545670145
1017016295324356608
1017016302681063430
1017016328006393858
1017016333056266240
1017016374848315392
1017016408369192960
1017016406800568320
1017016425179942912
1017016468809142272
1017016479173283843
1017016493975003136
1017016521799995392
1017016529773264896
1017016540464582656
1017016639219433473
1017016643220836352
1017016647465328640
1017016650900615168
1017016655103135744
1017016660274933760
1017016689584586752
1017016691312791553
1017016738859356162
1017016756085379072
1017016786179579905
1017016789983690757
1017016808182775808
1017016823584313352
1017016835533766657
1017016911769546755
1017016914877526016
1017016914487529472
1017016936826376192
1017016954165571585
1017017028811591680
1017017041516138496
1017017129743409153
1017017159527141376
1017017167064240129
1017017171195711494
1017017179806601218
1017017225205702656
1017017230624788480
1017017259984932864
1017017280964845568
1017017310329139200
1017017317358698496
1017017363626160130
1017017367669305344
1017017399902695424
1017017402603778048
1017017421796970496
1017017423038439424
1017017494677139456
1017017502520442880
1017017544211824640
1017017565892284416
1017017565837742081
1017017569897844736
1017017645990907905
1017017670863114240
1017017683513151488
1017017687862579200
1017017695605284865
1017017711761739777
1017017725510709248
1017017755114065921
1017017763225919488
1017017761497862145
1017017812450250752
1017017888287416321
1017017901256183808
1017017911951708160
1017017918742294529
1017017956021174272
1017017989625974786
1017018015035068416
1017018018969411584
1017018052301475840
1017018063764492288
1017018067279400960
1017018140696432641
1017018144722911233
1017018165698670592
1017018165128237056
1017018182836670464
1017018185319473153
1017018199483789312
1017018208207982593
1017018235722625024
1017018253632253952
1017018258128625665
1017018287501299712
1017018295311126528
1017018296208683009
1017018299983581184
1017018325128368128
1017018341368696832
1017018344577355776
1017018349975269376
1017018358133338112
1017018362340233219
1017018383987105792
1017018384163143680
1017018391952068608
1017018400764284928
1017018401108185089
1017018466631634944
1017018501410762752
1017018505512669184
1017018522398908418
1017018534751285248
1017018560462376960
1017018575633178624
1017018591890345986
1017018605727354880
1017018652430880769
1017018651264897024
1017018660710440962
1017018675843485701
1017018684555059201
1017018690242580480
1017018697771307008
1017018707040702464
1017018750686650369
1017018790326996992
1017018803136458753
1017018806659665920
1017018806496104448
1017018814712643589
1017018818810535943
1017018863777611776
1017018870748647426
1017018884883402752
1017018931775705088
1017018945830817792
1017018952524935168
1017018951807766529
1017018958577389568
1017019017427603466
1017019021332549632
1017019019440902145
1017019042576596992
1017019046787780608
1017019067734032387
1017019100718092288
1017019113884078081
1017019118397087744
1017019125158350849
1017019129583276032
1017019166216409088
1017019184268574720
1017019224932446209
1017019242884075521
1017019260609159168
1017019272730763269
1017019309657378816
1017019319098707969
1017019331732017157
1017019339558543361
1017019337549312004
1017019452582518786
1017019498438815745
1017019515769704449
1017019515396292610
1017019541187170306
1017019541346496512
1017019566772322304
1017019579334299648
1017019684389031936
1017019734141947906
1017019789087211520
1017019805549940736
1017019817923096576
1017019830866759680
1017019869156560896
1017019876794347521
1017019910814359552
1017019918838059013
1017019920331296768
1017019931509092354
1017019936189935616
1017019939855556609
1017019960021876736
1017019976027340802
1017019998504701952
1017020034688913410
1017020049075425280
1017020061142396928
1017020061628928006
1017020061595373568
1017020078628462592
1017020094831058944
1017020095628005376
1017020111411142657
1017020111474102274
1017020120269541376
1017020119661326336
1017020165316366337
1017020177014239233
1017020187525206016
1017020188649287680
1017020194202509312
1017020225659850753
1017020287953571840
1017020296765861894
1017020301111160834
1017020317494054912
1017020350658465793
1017020371822874624
1017020426541846528
1017020430257926144
1017020432216621056
1017020432405483520
1017020443792945153
1017020489439547392
1017020493914890241
1017020534704558081
1017020544074559488
1017020543894216706
1017020593684779009
1017020602543230978
1017020614807130112
1017020631706152967
1017020640610668544
1017020646986014720
1017020670184706048
1017020681819774976
1017020682415337478
1017020681979138048
1017020690912956417
1017020706398326784
1017020712010309632
1017020718268211201
1017020724240900096
1017020731979436034
1017020735829741568
1017020736874209281
1017020736756690944
1017020741102039041
1017020752833507328
1017020765521268737
1017020787151302661
1017020798677049344
1017020812505812992
1017020811784413185
1017020823700430848
1017020853870088192
1017020866868236288
1017020888158556162
1017020891140644864
1017020909079744512
1017020933209513984
1017020936862695425
1017020980080889858
1017021017556963328
1017021034506178561
1017021036427169792
1017021043192541191
1017021047235858432
1017021055448338435
1017021055767142400
1017021084871286789
1017021089350905856
1017021115263258625
1017021122880131072
1017021147861352448
1017021154618494976
1017021183626305537
1017021189934452736
1017021194036539392
1017021257185886208
1017021261220864000
1017021265377456129
1017021269445894144
1017021319638990853
1017021319802744833
1017021331953668097
1017021336722509826
1017021344876257281
1017021353675886592
1017021377415667718
1017021394054508544
1017021416603078659
1017021424823914496
1017021444428058625
1017021479152685056
1017021525717934081
1017021550455918598
1017021600699486208
1017021660258619393
1017021667695046657
1017021677933391872
1017021700603633664
1017021705670348800
1017021713589170176
1017021730706075648
1017021747550408704
1017021798251159552
1017021823144296452
1017021871789928454
1017021894556635136
1017021931105775624
1017021940517818368
1017021943248191489
1017021956368011264
1017021961690664960
1017021994540371969
1017022019492249602
1017022028518494208
1017022028895965186
