1017756884462460928
1017756887750758400
1017756896881729538
1017756900325253121
1017756912677507072
1017756913273065474
1017756915999363074
1017756918868131840
1017756917840560128
1017756926439026688
1017756926812278784
1017756930138394624
1017756944705245184
1017756952699506689
1017756960182161408
1017756968587546624
1017756975856324608
1017756983317782528
1017756985003929600
1017756989211004928
1017756990565519367
1017756995766669312
1017757001252655104
1017757005384056835
1017757008248885249
1017757009473626112
1017757015257550848
1017757014993367041
1017757027861291009
1017757032600895488
1017757048904151040
1017757068512686080
1017757068697264128
1017757068995055617
1017757074271457280
1017757076997771265
1017757083788349440
1017757083138166786
1017757091455537153
1017757091098955778
1017757092801892352
1017757094374793222
1017757098380324864
1017757101668683777
1017757108018638848
1017757116478570496
1017757120270340096
1017757120291360770
1017757135499943938
1017757137454469120
1017757139681660929
1017757170211999753
1017757172594331648
1017757180299284481
1017757180542504960
1017757181649866753
1017757188952133632
1017757188868145152
1017757198099894273
1017757207260254209
1017757217167167488
1017757231440384000
1017757235093692417
1017757249589084161
1017757255318548480
1017757256832749569
1017757258460139520
1017757258690809857
1017757258615345154
1017757270069764096
1017757275350429701
1017757283550408704
1017757287199301632
1017757296028512256
1017757302563016706
1017757303448244229
1017757325531238400
1017757332053413893
1017757332254724106
1017757334284767232
1017757341557673984
1017757342245507073
1017757344665690112
1017757349602365440
1017757350520733696
1017757352253100034
1017757359664517121
1017757363061907457
1017757369156202496
1017757372096352258
1017757376647221249
1017757382670249984
1017757385635622912
1017757387703267329
1017757387699056641
1017757392237297664
1017757395194433537
1017757404849635330
1017757407542431750
1017757417835294721
1017757418812559360
1017757430200053760
1017757435568754689
1017757470658367488
1017757474059882496
1017757477176332293
1017757479982305280
1017757486726680577
1017757490895884288
1017757500471431168
1017757503747252224
1017757525289074689
1017757531039510530
1017757533568688128
1017757536026595331
1017757542062096384
1017757546495561729
1017757547732852736
1017757548621881344
1017757550018777088
1017757557237174273
1017757558482882560
1017757563625107456
1017757568926715905
1017757570495340544
1017757574635184130
1017757580502843392
1017757581119348736
1017757582272942081
1017757584235909120
1017757589671735297
1017757591324299265
1017757593580666886
1017757607379886080
1017757608051138561
1017757608747393024
1017757611045736448
1017757618218168321
1017757618767581185
1017757632621350912
1017757632881455104
1017757641735593984
1017757643316912129
1017757663701209088
1017757664049287168
1017757677265522690
1017757678205128704
1017757680650326016
1017757689353592832
1017757696362188800
1017757706546040832
1017757720236175360
1017757733192421377
1017757734966644739
1017757734928777217
1017757753417322496
1017757755594166272
1017757768315523072
1017757787949096966
1017757788888600576
1017757793015746561
1017757791635689472
1017757797050531840
1017757807318269953
1017757807205060609
1017757813613842433
1017757815497285633
1017757819867521024
1017757821499334663
1017757822233268228
1017757823168466945
1017757825404227584
1017757830819000320
1017757838968590339
1017757839048237056
1017757858748743680
1017757861370212352
1017757864327352322
1017757878592163841
1017757882031464449
1017757884300525573
1017757899039412224
1017757902281543681
1017757905754427392
1017757910263267329
1017757910149951488
1017757922657480709
1017757926826610691
1017757943020781568
1017758222722031617
1017758224282411008
1017758224454430721
1017758225041690631
1017758226442407936
1017758235762286592
1017758248441667584
1017758248739528704
1017758259166498818
1017758265705484289
1017758265734660098
1017758274098253824
1017758275419459586
1017758276681916417
1017758276975382528
1017758279441768450
1017758280620347393
1017758284047114240
1017758287981350912
1017758295560343552
1017758299616366592
1017758300430110720
1017758321510703104
1017758341798551556
1017758780203954176
1017758801292742661
1017758813766733824
1017758814559457280
1017758816689983493
1017758816899825664
1017758823593979904
1017758836260827138
1017758849648988160
1017758860633927680
1017758865918656517
1017758868527460352
1017758882716938240
1017758882817609728
1017758893064278016
1017758894955925505
1017758899531911169
1017758911103930368
1017758912282550272
1017758916678176768
1017758917370306561
1017758933765615616
1017758935422390272
1017758938698117121
1017758939843387397
1017758943291039744
1017758946709434368
1017758951008620545
1017758957358723072
1017758960655335425
1017758981689929729
1017759002720120833
1017759004758499329
1017759008008990720
1017759013461745664
1017759014187360256
1017759013641965568
1017759045573324805
1017759047704031232
1017759049025245184
1017759063436906496
1017759069468274688
1017759140133949440
1017759137944555520
1017759142986027010
1017759151550812161
1017759153937412096
1017759160010772486
1017759163252920322
1017759163961798657
1017759192793444355
1017759194374705152
1017759195309867009
1017759197444726786
1017759198031929344
1017759202352254976
1017759209197359106
1017759211600527361
1017759213676736513
1017759214482096128
1017759216688246784
1017759217804021761
1017759217543835649
1017759221264285696
1017759229111758849
1017759234056847362
1017759240239214592
1017759240860196865
1017759254529396738
1017759264125972480
1017759267074510849
1017759269221908480
1017759271495221248
1017759282677329920
1017759287425183745
1017759288897368064
1017759292554928128
1017759293767069696
1017759300293406720
1017759307662798848
1017759310137516032
1017759310686932993
1017759315745280001
1017759320208035840
1017759320434495489
1017759323710218240
1017759323915784192
1017759324255473671
1017759327862616064
1017759329267560449
1017759332396687365
1017759335680634880
1017759338411253760
1017759339237597185
1017759340399415296
1017759340411813890
1017759345973645312
1017759356270637056
1017759358023806981
1017759360062316544
1017759365582016513
1017759371315384321
1017759377023909888
1017759378852777984
1017759385030987776
1017759386855407616
1017759398826045440
1017759411496865795
1017759422007861253
1017759433219362816
1017759433332547584
1017759434754351105
1017759439712079872
1017759441318567937
1017759448025231361
1017759450155900928
1017759547715448833
1017759556577869825
1017759556598943747
1017759571639611393
1017759572352688129
1017759587670417411
1017759588051927046
1017759590296014848
1017759590807728129
1017759593122836480
1017759595958112257
1017759601884913665
1017759603751358464
1017759630515032064
1017759637016367105
1017759637758767104
1017759641881776130
1017759651545403392
1017759660319936512
1017759662324662272
1017759667080974336
1017759669534838787
1017759670868455424
1017759671837511681
1017759676979666946
1017759677696872448
1017759679458562049
1017759692788060160
1017759695828914176
1017759707413581825
1017759705404530688
1017759719312764928
1017759723842662400
1017759724132077569
1017759725864325120
1017759727642652672
1017759727902777345
1017759729416798208
1017759743471968256
1017759754226229248
1017759756579004417
1017759757715824640
1017759769682219009
1017759770823061504
1017759771766804482
1017759776497758209
1017759777735237637
1017759781719891969
1017759788988551168
1017759803135758336
1017759811390148608
1017759817505693698
1017759816591110145
1017759844072415232
1017759845930369026
1017759852561608704
1017759856420446209
1017759860568526849
1017759863278063616
1017759873151520768
1017759873533075461
1017759883272187904
1017759883356262400
1017759891811946497
1017759892151545856
1017759905556545539
1017759912108142593
1017759928155422721
1017759928449163265
1017760058208161795
1017760069474189313
1017760081662881793
1017760082489200640
1017760097290858498
1017760110070951936
1017760114286063616
1017760115586420737
1017760119478681602
1017760120602841090
1017760130232971270
1017760132170768385
1017760142148980737
1017760137950343169
1017760143860170753
1017760146347446272
1017760147257679872
1017760147756679168
1017760153347780610
1017760161396506624
1017760162541686789
1017760168031862784
1017760173169889281
1017760176491913217
1017760194342866944
1017760197601910784
1017760201116512262
1017760207366250496
1017760207466835968
1017760210293751808
1017760213477122049
1017760219068329984
1017760223170359296
1017760226995470337
1017760239507197953
1017760239855124480
1017760241398763520
1017760247010680832
1017760257290825728
1017760258373103618
1017760271337738240
1017760269051707397
1017760284998557696
1017760285837455360
1017760289645842432
1017760299095556097
1017760303214399488
1017760314438373378
1017760319945441281
1017760327457542145
1017760337960062978
1017760345828548608
1017760346457673728
1017760348051517440
1017760358377967616
1017760365311156224
1017760371606581248
1017760374299484162
1017760378887888897
1017760391412281345
1017760392360091648
1017760395203956736
1017760398689304579
1017760402963251201
1017760413881126912
1017760423184097281
1017760425365000192
1017760432105259008
1017760432298307584
1017760432042504198
1017760433636282368
1017760439722274817
1017760455274610688
1017760458869231616
1017760471183773697
1017760472744038400
1017760474946002951
1017760476107689985
1017760478133661698
1017760485175910401
1017760488770289664
1017760492637413377
1017760498056679425
1017760499973308418
1017760501453938688
1017760503689555968
1017760506692718592
1017760507917463552
1017760508466925568
1017760510534615041
1017760513894305792
1017760514179567616
1017760517295730688
1017760532508618753
1017760537470554112
1017760539198607360
1017760546362454016
1017760554537152517
1017760555766112256
1017760558764838912
1017760562879401984
1017760565966409728
1017760572430053377
1017760578662813697
1017760605573451776
1017760609528614912
1017760620177838088
1017760623449591808
1017760630084947968
1017760635340378112
1017760643703885824
1017760646115549184
1017760661265440770
1017760662414487553
1017760664138502144
1017760669158998017
1017760670912335873
1017760681439920128
1017760696518443008
1017760700503085057
1017760700620529664
1017760710644903936
1017760712326811648
1017760719612399616
1017760721633972226
1017760728315498496
1017760729724870659
1017760736427282432
1017760743637356544
1017760743687585794
1017760748318097408
1017760753024163845
1017760755754721282
1017760761144397825
1017760761815425029
1017760764608876544
1017760771860819979
1017760781591568385
1017760809080979456
1017760809550794752
1017760810519670785
1017760815393525773
1017760817893269505
1017760829842870274
1017760834783731712
1017760839787352069
1017760841758838785
1017760853247119360
1017760859022675969
1017760857827172352
1017760867230703616
1017760880728117248
1017760886839234560
1017760895051546624
1017760895391264772
1017760899078217728
1017760900743421953
1017760904467738625
1017760912026034177
1017760927276503040
1017760933249277952
1017760938202750978
1017760940056604677
1017760945123266560
1017760948935970816
1017760949992935430
1017760953423691776
1017760955353182208
1017760958607970305
1017760959136518144
1017760966430224385
1017760968967720961
1017760970536611840
1017760972000452608
1017760978002472960
1017760981420859392
1017760983941410819
1017760984889323520
1017760991289978887
1017760996914417665
1017761001352060929
1017761004636254208
1017761005219319809
1017761007287046145
1017761013511475200
1017761015860211712
1017761020306231296
1017761020910059520
1017761032108986368
1017761032595542016
1017761048085127168
1017761049888555009
1017761050450677760
1017761049590882305
1017761054326173697
1017761062148608000
1017761064442740737
1017761064900026370
1017761065831223302
1017761070839033857
1017761077118021632
1017761077583474690
1017761085775106048
1017761094385844224
1017761096973930497
1017761098517409792
1017761105542860802
1017761107069595648
1017761107858075648
1017761109300989953
1017761114409406464
1017761115218980865
1017761116825575424
1017761127378423808
1017761137482502145
1017761141177626624
1017761141311836160
1017761144952389633
1017761153261424641
1017761156998496256
1017761157350940673
1017761157606715394
1017761180990033920
1017761182567010304
1017761187298271232
1017761196076761090
1017761204524199936
1017761205996412929
1017761216381489152
1017761219510456320
1017761227882336256
1017761230155591680
1017761230839218177
1017761241517916160
1017761246173696001
1017761249835220993
1017761250766442496
1017761257590591488
1017761259490631680
1017761260178468870
1017761260790837249
1017761267816296448
1017761267761729537
1017761277349801984
1017761280353034240
1017761283167289349
1017761293829361664
1017761303933440000
1017761305363611650
1017761313336918017
1017761312711983104
1017761330822987776
1017761332337180673
1017761343296790530
1017761346824429569
1017761350553128960
1017761354613174272
1017761356068503554
1017761364734078976
1017761367309340673
1017761366281777153
1017761370434129922
1017761372111810561
1017761387873996801
1017761396904398848
1017761406152830986
1017761415455625217
1017761418370863104
1017761419180347392
1017761422208466945
1017761424624553984
1017761430546845697
1017761432237166594
1017761433499598849
1017761439044562945
1017761439648485383
1017761444316626944
1017761451585482755
1017761454404128769
1017761457067479046
1017761461207207936
1017761474494779392
1017761484787601408
1017761493247381504
1017761493419470848
1017761504584785920
1017761506048532485
1017761507294220288
1017761512063152129
1017761517683421184
1017761521437433862
1017761522284670976
1017761530664939520
1017761533856641031
1017761554916368386
1017761559710457857
1017761568019369984
1017761571051671557
1017761596041453569
1017761596670644225
1017761598042267648
1017761619659673600
1017761631034593280
1017761631445618689
1017761635778400257
1017761636868911104
1017761639821729792
1017761640203288582
1017761641180663810
1017761645232295937
1017761645341364224
1017761646251560960
1017761655252508674
1017761666103234560
1017761671211814912
1017761676337217537
1017761676094042112
1017761678858096640
1017761679680122881
1017761681064300546
1017761684050460673
1017761688978968576
1017761692988604417
1017761696465719296
1017761703327621122
1017761712441909248
1017761712341217280
1017761714014572544
1017761727432282112
1017761734218670080
1017761743605567488
1017761743655788544
1017761746231185408
1017761749099876352
1017761749955514369
1017761746709143552
1017761762920288258
1017761764014821381
1017761767190130689
1017761779005284352
1017761789222645760
1017761792108314624
1017761794088194048
1017761802430672897
1017761802611056642
1017761804649484291
1017761806230720513
1017761809930031104
1017761812241002496
1017761817303580672
1017761826136879104
1017761827273486337
1017761838778417154
1017761839596179456
1017761840074493955
1017761844273008640
1017761851948654593
1017761857761882113
1017761881233281025
1017761884005683200
1017761889055662080
1017761890586583040
1017761892700426242
1017761900447391744
1017761915261603840
1017761917811724288
1017761919627943936
1017761922752700416
1017761921246879745
1017761929283026944
1017761938187653121
1017761938552623105
1017761943250132998
1017761944428638208
1017761947746426881
1017761954243469313
1017761954788564998
1017761970030772225
1017761975315468288
1017761984459264000
1017761987936313345
1017761996035457025
1017762007938936833
1017762017761996800
1017762018038693895
1017762022178648064
1017762022166089729
1017762023789289472
1017762031540293633
1017762034685968384
1017762041325445120
1017762050435624960
1017762052532789249
1017762054810284032
1017762056475377669
1017762060732514307
1017762061542096896
1017762063173726208
1017762077954342918
1017762081871781894
1017762101308411904
1017762108929273857
1017762111789895680
1017762123127164928
1017762126717431808
1017762133742968832
1017762134103678978
1017762137249402880
1017762146007027713
1017762148024324097
1017762159013621761
1017762163333783552
1017762163388272640
1017762165808402434
1017762166882086912
1017762178097664000
1017762178592575488
1017762184397406209
1017762185081229313
1017762195495641088
1017762197173362691
1017762198993719296
1017762200575004672
1017762219893952512
1017762221105934336
1017762224499298304
1017762225287770112
1017762234435559429
1017762240810897409
1017762242518011904
1017762243503509504
1017762250604597248
1017762258171187200
1017762268287848450
1017762272700260352
1017762278236741632
1017762278656167936
1017762278903566336
1017762282917519362
1017762287514316802
1017762294116376576
1017762298394566661
1017762333651681280
1017762341721698305
1017762345769193473
1017762349250330625
1017762352400252929
1017762359438381057
1017762366073778176
1017762386386800640
1017762384872534016
1017762400630640640
1017762410483081216
1017762413767208960
1017762415218446336
1017762426589024257
1017762426740039680
1017762436433301505
1017762438899535872
1017762443483852800
1017762449758572546
1017762451876610049
1017762456284823553
1017762455206932485
1017762457555800071
1017762474609840129
1017762484265127942
1017762490338299905
1017762496759959552
1017762497477136384
1017762498986967040
1017762517706256384
1017762527390982145
1017762536429670400
1017762544683872262
1017762544830775296
1017762548765126657
1017762550740541440
1017762562534830083
1017762564455981056
1017762580159434752
1017762584798343168
1017762585662418944
1017762587344191488
1017762604243177474
1017762607199948801
1017762607841906691
1017762609590759425
1017762610878353408
1017762611092320256
1017762614896742401
1017762617920802817
1017762617899864064
1017762627219591168
1017762634165374976
1017762636660785157
1017762637315178498
1017762638367993856
1017762644311150592
1017762645477330947
1017762649797550081
1017762655254110208
1017762658966269952
1017762687059570688
1017762687999234048
1017762692067725314
1017762711806136320
1017762716033994752
1017762728532955136
1017762729275211776
1017762731741581312
1017762745804943360
1017762752541184002
1017762753786929152
1017762756555038720
1017762761420476418
1017762764096507906
1017762773365747712
1017762777606152192
1017762778503892992
1017762782828261376
1017762787420860416
1017762789983744005
1017762793662054400
1017762801669099521
1017762816848289797
1017762819817820161
1017762820266561538
1017762826310467584
1017762829510873089
1017762843247108096
1017762852499853312
1017762852294275073
1017762858589880321
1017762874133893120
1017762876436738048
1017762879313829888
1017762883776761856
1017762886318317568
1017762887589392384
1017762887098683394
1017762888772136960
1017762899123671047
1017762906023350272
1017762909357727744
1017762920921518080
1017762921462415363
1017762935840518146
1017762934238466048
1017762938403241984
1017762940924104706
1017762953322467328
1017762953041448962
1017762955868491776
1017762967369084929
1017762976802144256
1017762979666907136
1017762980136738817
1017762992111472640
1017762988936163328
1017763022033465345
1017763023237406720
1017763024797618176
1017763026852765696
1017763036218773504
1017763044800073729
1017763050152124417
1017763051972546560
1017763061325852673
1017763066505674759
1017763069005586432
1017763073002618880
1017763077515669504
1017763080988741633
1017763081039106048
1017763083899420672
1017763089041821696
1017763092690886656
1017763105399451653
1017763106695598080
1017763109186998273
1017763113951637504
1017763115759370240
1017763117328191493
1017763122277376001
1017763129583947776
1017763472262787073
1017763490684129280
1017763505083215872
1017763603548602369
1017763651871215616
1017763694854352896
1017763732720582656
1017763751439880192
1017763773673824256
1017763775951376384
1017763799322038272
1017763867370323968
1017763936278478848
1017763972286595083
1017763983573409797
1017764037835264001
1017764100271730688
1017764149189754880
1017764178344402944
1017764194580647943
1017764201841020931
1017764219767443457
1017764242857103361
1017764269444624385
1017764270296182785
1017764285840273408
1017764330400608258
1017764339351158785
1017764340479512578
1017764347509014528
1017764401825189889
1017764488911523842
1017764522155798529
1017764525657939968
1017764573535981569
1017764619098574848
1017764620734382080
1017764629718675456
1017764650702827520
1017764664422395905
1017764681317015553
1017764743858327553
1017764765702279168
1017764766914232330
1017764768780677120
1017764775701417985
1017764827698061312
1017764846669049856
1017764849345073153
1017764867523203072
1017764880437399552
1017764903925567489
1017764913480003585
1017764925559754753
1017764958015090688
1017764964021493761
1017764990797807621
1017765051938299904
1017765054026878978
1017765055176237056
1017765103570124802
1017765104102858752
1017765133928620032
1017765151569612801
1017765153071337474
1017765169030627328
1017765197962993666
1017765214534688774
1017765244024774657
1017765325281136640
1017765328372289536
1017765334261092352
1017765348722999298
1017765382378151938
1017765477421076481
1017765554365587456
1017765556504670208
1017765558647967744
1017765568068239365
1017765592475070469
1017765605993148416
1017765674460958726
1017765789045321730
1017765832099655685
1017765872390336512
1017765921966915584
1017765952518123520
1017765960265199616
1017765971375853568
1017765981630926848
1017765991873380357
1017766046575579136
1017766043127861248
1017766057585541121
1017766075767902208
1017766088531046400
1017766089256775680
1017766103504883714
1017766121154469889
1017766125143298048
1017766148614565893
1017766154230640640
1017766162191355905
1017766177966383105
1017766199680290819
1017766229384351745
1017766257599369216
1017766277069377536
1017766285667684352
1017766297692721152
1017766318697779201
1017766422657880064
1017766426256568326
1017766479444545536
1017766482845958144
1017766487984099328
1017766524906561536
1017766524864507904
1017766535140728833
1017766590018973696
1017766598109786113
1017766691441389569
1017766771506536449
1017766773461004289
1017766785007972352
1017766806818361345
1017766809838215168
1017766812195401730
1017766852468981760
1017766857036779522
1017766888636669958
1017766896458969094
1017766900057681920
1017766905539538945
1017766938427252736
1017766948107620354
1017766971268648961
1017767070325501957
1017767077032185856
1017767106417487872
1017767145676132352
1017767186839023618
1017767189242261504
1017767219097407488
1017767224608808963
1017767261577216006
1017767262969712640
1017767279843577858
1017767282951507968
1017767325464911872
1017767343475261440
1017767373263327232
1017767384185221120
1017767392607395840
1017767476065718272
1017767487679672325
1017767487801319425
1017767510924546048
1017767755381133312
1017767765573275649
1017767798297235456
1017767802466390016
1017767850017263618
1017767882703458305
1017767893835149314
1017767892446732288
1017767902106279937
1017767935991877633
1017767948029607936
1017767949401124865
1017768059744997377
1017768087263891457
1017768108260503552
1017768133967347717
1017768159670136832
1017768164875259912
1017768235838705665
1017768283452387328
1017768314070753281
1017768325135458305
1017768394660171777
1017768400150564864
1017768475547357185
1017768525845458949
1017768551858372611
1017768566509236225
1017768568384090112
1017768614454104064
1017768630182928384
1017768720712658944
1017768724353503232
1017768892587012096
1017768916456747008
1017768918893649921
1017768921318019072
1017768936752996352
1017768937331847168
1017768959318347776
1017768958324363264
1017769032056016897
1017769047319040001
1017769048526991360
1017769104781074433
1017769108719325185
1017769155922194432
1017769277066240001
1017769278160826368
1017769314110173186
1017769350843990016
1017769352861343745
1017769388789944320
1017769403897733120
1017769417365569536
1017769427624955904
1017769437435490304
1017769472504025088
1017769482670882816
1017769506050117632
1017769555190398978
1017769557430341633
1017769578955464705
1017769588908609537
1017769600807731200
1017769650267009025
1017769663344750592
1017769682554810368
1017769708936933376
1017769740205424641
1017769749516779520
1017769768227504128
1017769775374786563
1017769779673825281
1017769780068126722
1017769782077214720
1017769843892858882
1017769854869254145
1017769855251111936
1017769858468106240
1017769859567046656
1017769892626554881
1017769914315214848
1017769934846287873
1017769966509154304
1017770009412718592
1017770011841064961
1017770107702009864
1017770170272673793
1017770195526569984
1017770222433062912
1017770233988296704
1017770235670224896
1017770380394577920
1017770386866491394
1017770389764755463
1017770406827249665
1017770470551248896
1017770476322553856
1017770496539136001
1017770503593963520
1017770529212850176
1017770662935613440
1017770685408702465
1017770698457206786
1017770728794533888
1017770736356876289
1017770752144224257
1017770786566885378
1017770839880753152
1017770875825868800
1017770892527579138
1017770919375360000
1017770929424879616
1017770930817454080
1017770996210814976
1017771014560845830
1017771077810999298
1017771083712421888
1017771154398957569
1017771223336538114
1017771227723821058
1017771256920195072
1017771265426444288
1017771284304785408
1017771307348516865
1017771368493002752
1017771379586985989
1017771436843438082
1017771465213652992
1017771466782228480
1017771468543807489
1017771488777293827
1017771544683204618
1017771654254956544
1017771663495180288
1017771669866369029
1017771673653833729
1017771681140617217
1017771728242524160
1017771764200497153
1017771775294410752
1017771791744487424
1017771799910723586
1017771823520501760
1017771829660979200
1017771926314291200
1017771980630773760
1017771989958889472
1017771998854856704
1017771999815393282
1017772010301255681
1017772011773235202
1017772016370372614
1017772041397784577
1017772060863614976
1017772080451014656
1017772082070016000
1017772083252776960
1017772085496700929
1017772107625709569
1017772107835564032
1017772143956852737
1017772187535790080
1017772193885900800
1017772200789663744
1017772214677004289
1017772378019880960
1017772470256971776
1017772499436752897
1017772502943137793
1017772558756675585
1017772575542448128
1017772585239511040
1017772657901645826
1017772668702154757
1017772698540412929
1017772699370782721
1017772707168112641
1017772737203441664
1017772777577820163
1017772786301984768
1017772788151566336
1017772829960531968
1017772866824278016
1017772869902716929
1017772892292026368
1017772930678378498
1017772938160955393
1017772972797517824
1017773026463571969
1017773038283128832
1017773061163159552
1017773088879120384
1017773110961950725
1017773119023398916
1017773122550935553
1017773167824138243
1017773290990047233
1017773291380015104
1017773304000548864
1017773307914047489
1017773309793112064
1017773313706340352
1017773323621752832
1017773349903257600
1017773416944844802
1017773426721902592
1017773476764094464
1017773517104959489
1017773529616605185
1017773537359159297
1017773562990678016
1017773564278140928
1017773583546888192
1017773674689155072
1017773803978362881
1017773823087783936
1017773872077266944
1017773993967878149
1017773997101015040
1017774013609840640
1017774028898095106
1017774091732955137
1017774126008635392
1017774143893331968
1017774146204381186
1017774188243898368
1017774220057632769
1017774224000405504
1017774228203081728
1017774230442729472
1017774257047207939
1017774343533858816
1017774354208157697
1017774407068966913
1017774411074678785
1017774426954203138
1017774456205398016
1017774461205078018
1017774535263674369
1017774535846891520
1017774572941148162
1017774611059048450
1017774693321990145
1017774724699414530
1017774781305942017
1017774792986902530
1017774955839176706
1017774976693178369
1017774988353527808
1017775032137912322
1017775085678219264
1017775111401820160
1017775113247354880
1017775114106986496
1017775118997753861
1017775118607675392
1017775123074551808
1017775171967635456
1017775216007802880
1017775217114935298
1017775267337654272
1017775300447531009
1017775304453115904
1017775361189400577
1017775377052307456
1017775391220682754
1017775424686788611
1017775446073794560
1017775467313721344
1017775495927214080
1017775535265443840
1017775541829754880
1017775629603917824
1017775635643752453
1017775641935003648
1017775676051648512
1017775681428746241
1017775687338463232
1017775740681584640
1017775757215465472
1017775757832216576
1017775925293977600
1017775938451501056
1017775984982949890
1017775991341703168
1017775993740767233
1017775996429328384
1017776018512203778
1017776031166533632
1017776032034762753
1017776053094420482
1017776057150210049
1017776058844831744
1017776069645078529
1017776070127505408
1017776075747700736
1017776080638406656
1017776112070520832
1017776119653830657
1017776122405236736
1017776129304944648
1017776130986782720
1017776162368520192
1017776199752404992
1017776215761932288
1017776220900077570
1017776268761157632
1017776276545814529
1017776316060299265
1017776323580911616
1017776331629780993
1017776341045923843
1017776394737250309
1017776450919915522
1017776457295319040
1017776460650766337
1017776462336876544
1017776464824061958
1017776480955203584
1017776504925614080
1017776514492923904
1017776526584995842
1017776536185987072
1017776548856942593
1017776581660430336
1017776596751532032
1017776598970445825
1017776648085823489
1017776663655059456
1017776672978894848
1017776726682820609
1017776800800428032
1017776835315281925
1017776863404535809
1017776868009889792
1017776896111591424
1017776896598298624
1017776899106357248
1017776913484480512
1017776922405851136
1017776964927737856
1017777014231764992
1017777111610818560
1017777129344430080
1017777137204355072
1017777216577589249
1017777280876208128
1017777294209937409
1017777303831523328
1017777318138269701
1017777336144367616
1017777387415752704
1017777411214233600
1017777413323927552
1017777470110666752
1017777534316969984
1017777594291359744
1017777596484997120
1017777596606631939
1017777607889301506
1017777627820486657
1017777665628045312
1017777679465099265
1017777692635168768
1017777721643032576
1017777746431397889
1017777762407469056
1017777796402335749
1017777874713997312
1017777892015697920
1017777898193936384
1017777912123215877
1017777924496396289
1017777967374749697
1017778064141496322
1017778082340655104
1017778099277180933
1017778116507287556
1017778173218615296
1017778181024174080
1017778194424815616
1017778236946776064
1017778243154468866
1017778269825961984
1017778276322959365
1017778281792360448
1017778313127919616
1017778322166681602
1017778342727180288
1017778381004435457
1017778384468930561
1017783765983260673
1017783775693033472
1017783839069032448
1017783841971458048
1017783916436942848
1017783919377346560
1017783932228702214
1017783952524894208
1017783969058828288
1017783969516019712
1017784001141108739
1017784027208658944
1017784047676911617
1017784048712757248
1017784091046023169
1017784096322478080
1017784119407898632
1017784140459110400
1017784202551615488
1017784243403886592
1017784244100370437
1017784266585804802
1017784299829878790
1017784335573880833
1017784338916704261
1017784360320237569
1017784374165557249
1017784460849373184
1017784469879689217
1017784484349952000
1017784534203592705
1017784607553572867
1017784648565284866
1017784693054410752
1017784693826117632
1017784734489853955
1017784740278042624
1017784741502836736
1017784766588948485
1017784767880675329
1017784838500376576
1017784845278146560
1017784882624389123
1017784956011991040
1017785002174578689
1017785016015679489
1017785082365476864
1017785088711376896
1017785165500829696
1017785181573267457
1017785209327181826
1017785234866262018
1017785237181349890
1017785311760474113
1017785385156407297
1017785445210521600
1017785456438710272
1017785469239734274
1017785476172967936
1017785503746314241
1017785507177115649
1017785527800455169
1017785548449120256
1017785575884156929
1017785576710459392
1017785589062668288
1017785589742088198
1017785643278184448
1017785653499650050
1017785665071845380
1017785711632646144
1017785742041538560
1017785747594620928
1017785755643645952
1017785754880282626
